709800145857204225
1087050764
545934250
601043072
726088133750755330
2906650591
253174988
782555331289346048
370661367
3343795349
2856142558
95877120
3678048552
4875943389
3974308812
773294161281753088
3397787692
779454667843571712
3606998662
773497382
2586409328
1620045654
714945574253019141
354766535
31710959
15585752
372047796
761658859656126464
2201276653
459837612
3134536174
747152361697742849
37836873
2504273871
4597728613
252701864
2975824873
172567502
840577873
48490051
1940227466
125007819
724379456547229696
734148814735433729
718398950
4038467839
3434291465
348084645
3752314828
1220156036
2907596093
39417285
710482061262503936
3207901977
147497504
738653784641966080
482351276
263234033
163081215
611223506
3058645594
129680710
1681206716
2722577331
112736661
3885929654
18177175
306536153
1311176964
144384375
3312146295
868961239
3438763709
726643532694323200
4697600323
724993732961918976
247124792
4144061619
89171096
2472770040
2788875113
201945189
16220605
724902144655106048
2299202215
1035944538
459936650
3234859252
3698730444
3091698525
3003678327
3332904858
23777671
41919821
2232312308
305083052
61345169
57626000
3089790993
487963980
4794263832
149995568
715161550798069761
3061075462
3236208085
720553885111336960
248976940
1488253812
400572679
332497555
730988550
322038367
18963995
1488629984
263335131
400454657
35255755
16950200
