776534844662689793
1161040436
13962862
3974308812
16639195
187384499
272471181
4885891360
4646722524
22804400
153696602
3164481200
773294161281753088
3397787692
3296817067
22516499
42396311
1620045654
196606976
2510377034
2586409328
33031002
2856142558
20200567
615500336
2848600515
418026662
354766535
3647436253
766904550120837120
289156953
550139275
439596606
2242238730
15585752
20825732
24126363
23685907
372047796
459837612
2180194197
52482795
46215435
37836873
69414440
252701864
2870458692
3949010124
822653838
297926937
177966465
2802972853
172567502
1548033864
1940227466
125007819
382180748
2227583384
19871038
873102607
198206223
3088611208
3047094062
710656873
519588849
53326596
158568172
718398950
3089790993
740641491639533568
1107660896
348084645
30592415
709079636186165249
19472606
1690008234
226117305
1035961
18392722
150007050
244246419
1220156036
39417285
710482061262503936
274617201
481439658
2399333029
534470833
1449288865
57397042
34750516
1325898806
8661092
370661367
337246233
1160926081
345512733
117121763
3938283854
163081215
248778954
2984255746
147497504
104704988
23087608
19320889
994670317
2778878838
129680710
191219341
377854248
85602383
54057803
4809510812
702921938650288128
2951651717
2197802365
16994247
1328146416
1682312280
3058645594
108250655
332673902
781595730
31786917
4061645775
18177175
722069069852184576
4404069502
199765213
380165948
582299724
761651562
586719195
865628611
16826057
18702036
424788356
15930926
2252988098
32886709
733580476921745408
250258832
582480747
769723674
326514319
16016739
47790603
2274091069
50781372
2975824873
285417682
559992947
539163461
2722577331
804456314
1563735318
97257169
2367480891
134248470
92359111
1681206716
310046735
14194720
3299668415
160981196
1009791878
2784525052
66069073
29755617
409757701
2551759147
475385141
4251196033
196802863
14863118
3200010491
469649302
2226204277
2873042097
2684755703
21664750
120546377
883315904
41458339
540253920
927914066
239003405
189189856
2458449245
198652733
413458913
65624510
3232950781
3311849432
112736661
14823212
291719047
1531647536
7245652
23681556
1672572900
1707570258
171619142
3538938433
277689008
3885929654
181927467
999011298
415778969
421205330
1603072411
741130868
1072896276
20922014
1311176964
3096333777
36137816
145414714
1284876026
2718641351
1373174652
568667131
91314508
1569373074
792043410
730872518
104007476
3307886671
14792801
21409623
125381483
181572333
144384375
103012173
276540738
126632581
86322440
438897828
18271625
2213190684
29381527
35421350
23561980
77120610
65120103
2987468815
54999357
21681783
47860531
19117213
169686021
15741820
18518096
21265120
18907022
86196231
5827292
115512512
827679002
108382988
18396706
20027105
20425155
2489408508
1059118640
2468527890
708740195
36474822
263505013
2781309801
1635452532
881272081
3430431807
2448435296
998440706
165611084
988000404
427584122
49243779
2793060712
4038467839
599661317
2976231849
2315774778
1478455052
380302561
76151587
2980666146
799251577
937971228
829474140
3312146295
3001578076
1646183407
179782199
22116212
2721013802
2974875028
17792220
239928914
724213826569142274
619949340
2887950167
2825152571
273167704
3154540411
2344775485
2356660753
2999693347
317476203
44855960
52045700
385619175
1508127781
868961239
22842939
3640991954
3438763709
4622826139
452786316
419999019
1437794378
3655991122
61845982
242624244
726643532694323200
4854491185
4697600323
724993732961918976
390985803
987794846
4144061619
16734555
38248809
1718567749
2472770040
89171096
39644827
2938771743
2725459661
259296003
201945189
16220605
724902144655106048
2299202215
627448452
157764761
1035944538
499187808
2407710345
483131061
3234859252
3698730444
1463902802
94176783
2975955149
186178148
3091698525
3003678327
3332904858
4227312335
23777671
21274886
25516907
614197169
28136539
396800511
85503591
19429906
1005055250
60400996
61408528
177224922
19980906
342858066
6208072
22508364
151786208
23859156
6207162
1707676501
618198359
16157577
174381739
255388236
3028172500
121347988
1475276150
2179032722
52810109
256932383
266505040
33547457
63858347
105571819
19867571
18955916
18923343
41919821
120028346
305083052
9546212
2160651073
61345169
19338863
2349599371
57626000
4451255717
36548519
487963980
4794263832
149995568
715161550798069761
765601202
3061075462
23648196
3236208085
14089195
1169913978
35422388
251433567
75094179
132376754
1228545349
216744325
117527587
1413411271
97430121
708712347037208579
1488253812
52146863
2788875113
342451548
38386126
21849967
23697536
2601880809
8236062
372735021
23450071
43372222
47086475
1078380984
221882269
400572679
332497555
3434546650
3073339226
701686026679492608
637238932
144903155
45336331
4028132472
596555416
3096485655
5845642
2376026011
96412004
4369285695
15028664
19812508
16066036
59572393
139725942
16615771
4824012363
201711609
20317126
1479592394
472267960
519797220
283656984
22605896
2302946365
342385081
1015979552
23094396
580374247
4228884627
158832446
18549180
1205602921
18963995
321272050
319899918
732081536
322038367
1652431736
15048106
1444641907
110476282
82448686
70754473
730988550
3128851388
291467005
365961250
1488629984
2583149171
23723818
103291754
265633405
